the 0.418 0.24968 -0.41242 0.1217 0.34527 -0.044457 -0.49688 -0.17862 -0.00066023 -0.6566 0.27843 -0.14767 -0.55677 0.14658 -0.0095095 0.011658 0.10204 -0.12792 -0.8443 -0.12181 -0.016801 -0.33279 -0.1552 -0.23131 -0.19181 -1.8823 -0.76746 0.099051 -0.42125 -0.19526 4.0071 -0.18594 -0.52287 -0.31681 0.00059213 0.0074449 0.17778 -0.15897 0.012041 -0.054223 -0.29871 -0.15749 -0.34758 -0.045637 -0.44251 0.18785 0.0027849 -0.18411 -0.11514 -0.78581
, 0.013441 0.23682 -0.16899 0.40951 0.63812 0.47709 -0.42852 -0.55641 -0.364 -0.23938 0.13001 -0.063734 -0.39575 -0.48162 0.23291 0.090201 -0.13324 0.078639 -0.41634 -0.15428 0.10068 0.48891 0.31226 -0.1252 -0.037512 -1.5179 0.12612 -0.02442 -0.042961 -0.28351 3.5416 -0.11956 -0.014533 -0.1499 0.21864 -0.33412 -0.13872 0.31806 0.70358 0.44858 -0.080262 0.63003 0.32111 -0.46765 0.22786 0.36034 -0.37818 -0.56657 0.044691 0.30392
. 0.15164 0.30177 -0.16763 0.17684 0.31719 0.33973 -0.43478 -0.31086 -0.44999 -0.29486 0.16608 0.11963 -0.41328 -0.42353 0.59868 0.28825 -0.11547 -0.041848 -0.67989 -0.25063 0.18472 0.086876 0.46582 0.015035 0.043474 -1.4671 -0.30384 -0.023441 0.30589 -0.21785 3.746 0.0042284 -0.18436 -0.46209 0.098329 -0.11907 0.23919 0.1161 0.41705 0.056763 -6.3681e-05 0.068987 0.087939 -0.10285 -0.13931 0.22314 -0.080803 -0.35652 0.016413 0.10216
of 0.70853 0.57088 -0.4716 0.18048 0.54449 0.72603 0.18157 -0.52393 0.10381 -0.17566 0.078852 -0.36216 -0.11829 -0.83336 0.11917 -0.16605 0.061555 -0.012719 -0.56623 0.013616 0.22851 -0.14396 -0.067549 -0.38157 -0.23698 -1.7037 -0.86692 -0.26704 -0.2589 0.1767 3.8676 -0.1613 -0.13273 -0.68881 0.18444 0.0052464 -0.33874 -0.078956 0.24185 0.36576 -0.34727 0.28483 0.075693 -0.062178 -0.38988 0.22902 -0.21617 -0.22562 -0.093918 -0.80375
to 0.68047 -0.039263 0.30186 -0.17792 0.42962 0.032246 -0.41376 0.13228 -0.29847 -0.085253 0.17118 0.22419 -0.10046 -0.43653 0.33418 0.67846 0.057204 -0.34448 -0.42785 -0.43275 0.55963 0.10032 0.18677 -0.26854 0.037334 -2.0932 0.22171 -0.39868 0.20912 -0.55725 3.8826 0.47466 -0.95658 -0.37788 0.20869 -0.32752 0.12751 0.088359 0.16351 -0.21634 -0.094375 0.018324 0.21048 -0.03088 -0.19722 0.082279 -0.09434 -0.073297 -0.064699 -0.26044
and 0.26818 0.14346 -0.27877 0.016257 0.11384 0.69923 -0.51332 -0.47368 -0.33075 -0.13834 0.2702 0.30938 -0.45012 -0.4127 -0.09932 0.038085 0.029749 0.10076 -0.25058 -0.51818 0.34558 0.44922 0.48791 -0.080866 -0.10121 -1.3777 -0.10866 -0.23201 0.012839 -0.46508 3.8463 0.31362 0.13643 -0.52244 0.3302 0.33707 -0.35601 0.32431 0.12041 0.3512 -0.069043 0.36885 0.25168 -0.24517 0.25381 0.1367 -0.31178 -0.6321 -0.25028 -0.38097
in 0.33042 0.24995 -0.60874 0.10923 0.036372 0.151 -0.55083 -0.074239 -0.092307 -0.32821 0.09598 -0.82269 -0.36717 -0.67009 0.42909 0.016496 -0.23573 0.12864 -1.0953 0.43334 0.57067 -0.1036 0.20422 0.078308 -0.42795 -1.7984 -0.27865 0.11954 -0.12689 0.031744 3.8631 -0.17786 -0.082434 -0.62698 0.26497 -0.057185 -0.073521 0.46103 0.30862 0.12498 -0.48609 -0.0080272 0.031184 -0.36576 -0.42699 0.42164 -0.11666 -0.50703 -0.027273 -0.53285
a 0.21705 0.46515 -0.46757 0.10082 1.0135 0.74845 -0.53104 -0.26256 0.16812 0.13182 -0.24909 -0.44185 -0.21739 0.51004 0.13448 -0.43141 -0.03123 0.20674 -0.78138 -0.20148 -0.097401 0.16088 -0.61836 -0.18504 -0.12461 -2.2526 -0.22321 0.5043 0.32257 0.15313 3.9636 -0.71365 -0.67012 0.28388 0.21738 0.14433 0.25926 0.23434 0.4274 -0.44451 0.13813 0.36973 -0.64289 0.024142 -0.039315 -0.26037 0.12017 -0.043782 0.41013 0.1796
's 0.23727 0.40478 -0.20547 0.58805 0.65533 0.32867 -0.81964 -0.23236 0.27428 0.24265 0.054992 0.16296 -1.2555 -0.086437 0.44536 0.096561 -0.16519 0.058378 -0.38598 0.086977 0.0033869 0.55095 -0.77697 -0.62096 0.092948 -2.5685 -0.67739 0.10151 -0.48643 -0.057805 3.1859 -0.017554 -0.16138 0.055486 -0.25885 -0.33938 -0.19928 0.26049 0.10478 -0.55934 -0.12342 0.65961 -0.51802 -0.82995 -0.082739 0.28155 -0.423 -0.27378 -0.007901 -0.030231
that 0.88387 -0.14199 0.13566 0.098682 0.51218 0.49138 -0.47155 -0.30742 0.01963 0.12686 0.073524 0.35836 -0.60874 -0.18676 0.78935 0.54534 0.1106 -0.2923 0.059041 -0.69551 -0.18804 0.19455 0.32269 -0.49981 0.306 -2.3902 -0.60749 0.37107 0.078912 -0.23896 3.839 -0.20355 -0.35613 -0.69185 -0.17497 -0.35323 0.10598 -0.039303 0.015701 0.038279 -0.35283 0.44882 -0.16534 0.31579 0.14963 -0.071277 -0.53506 0.52711 -0.20148 0.0095952
is 0.6185 0.64254 -0.46552 0.3757 0.74838 0.53739 0.0022239 -0.60577 0.26408 0.11703 0.43722 0.20092 -0.057859 -0.34589 0.21664 0.58573 0.53919 0.6949 -0.15618 0.05583 -0.60515 -0.28997 -0.025594 0.55593 0.25356 -1.9612 -0.51381 0.69096 0.066246 -0.054224 3.7871 -0.77403 -0.12689 -0.51465 0.066705 -0.32933 0.13483 0.19049 0.13812 -0.21503 -0.016573 0.312 -0.33189 -0.026001 -0.38203 0.19403 -0.12466 -0.27557 0.30899 0.48497
was 0.086888 -0.19416 -0.24267 -0.33391 0.56731 0.39783 -0.97809 0.03159 -0.61469 -0.31406 0.56145 0.12886 -0.84193 -0.46992 0.47097 0.023012 -0.59609 0.22291 -1.1614 0.3865 0.067412 0.44883 0.17394 -0.53574 0.17909 -2.1647 -0.12827 0.29036 -0.15061 0.35242 3.124 -0.90085 -0.02567 -0.41709 0.40565 -0.22703 0.76829 0.60982 0.070068 -0.13271 -0.1201 0.096132 -0.43998 -0.48531 -0.5188 -0.3077 -0.75028 -0.77 0.3945 -0.16937
it 0.61183 -0.22072 -0.10898 -0.052967 0.50804 0.34684 -0.33558 -0.19152 -0.035865 0.1051 0.07935 0.2449 -0.4373 -0.33344 0.57479 0.69052 0.29713 0.090669 -0.54992 -0.46176 0.10113 -0.02024 0.28479 0.043512 0.45735 -2.0466 -0.58084 0.61797 0.6518 -0.58263 4.0786 -0.2542 -0.14649 -0.34321 -0.25437 -0.44677 0.12657 0.28134 0.13331 -0.36974 0.050059 -0.10058 -0.017907 0.11142 -0.71798 0.491 -0.099974 -0.043688 -0.097922 0.16806
from 0.41037 0.11342 0.051524 -0.53833 -0.12913 0.22247 -0.9494 -0.18963 -0.36623 -0.067011 0.19356 -0.33044 0.11615 -0.58585 0.36106 0.12555 -0.3581 -0.023201 -1.2319 0.23383 0.71256 0.14824 0.50874 -0.12313 -0.20353 -1.82 0.22291 0.020291 -0.081743 -0.27481 3.7343 -0.01874 -0.084522 -0.30364 0.27959 0.043328 -0.24621 0.015373 0.49751 0.15108 -0.01619 0.40132 0.23067 -0.10743 -0.36625 -0.051135 0.041474 -0.36064 -0.19616 -0.81066
be 0.91102 -0.22872 0.2077 -0.20237 0.50697 -0.057893 -0.41729 -0.075341 -0.30454 -0.003286 0.44481 0.41818 -0.33409 0.032917 0.98872 0.91984 0.40521 0.01925 -0.1052 -0.79865 -0.36403 -0.087995 0.72182 0.11114 0.2153 -1.9411 -0.26376 0.4455 0.27586 -0.21104 4.0212 -0.061943 -0.32134 -0.81922 0.2108 -0.20414 0.72625 0.47517 -0.39853 -0.39168 -0.34581 0.025928 0.13072 0.73562 -0.15199 -0.18439 -0.67128 0.16692 -0.050063 0.19241
are 0.96193 0.012516 0.21733 -0.06539 0.26843 0.33586 -0.45112 -0.60547 -0.46845 -0.18412 0.060949 0.19597 0.22645 0.032802 0.42488 0.49678 0.65346 -0.0274 0.17809 -1.1979 -0.40634 -0.22659 1.1495 0.59342 -0.23759 -0.93254 -0.52502 0.05125 0.032248 -0.72774 4.2466 0.60592 0.33397 -0.85754 0.4895 0.21744 -0.13451 0.0094912 -0.54173 0.18857 -0.64506 0.012695 0.73452 1.0032 0.41874 0.16596 -0.71085 0.14032 -0.38468 -0.38712
but 0.35934 -0.2657 -0.046477 -0.2496 0.54676 0.25924 -0.64458 0.1736 -0.53056 0.13942 0.062324 0.18459 -0.75495 -0.19569 0.70799 0.44759 0.27031 -0.32885 -0.38891 -0.61606 -0.484 0.41703 0.34794 -0.19706 0.40734 -2.1488 -0.24284 0.33809 0.43993 -0.21616 3.7635 0.19002 -0.12503 -0.38228 0.12944 -0.18272 0.076803 0.51579 0.0072516 -0.29192 -0.27523 0.40593 -0.040394 0.28353 -0.024724 0.10563 -0.32879 0.10673 -0.11503 0.074678
were 0.73363 -0.74815 0.45913 -0.56041 0.091855 0.33015 -1.2034 -0.15565 -1.1205 -0.5938 0.23299 -0.46278 -0.34786 -0.47901 0.57621 -0.16053 -0.26457 -0.13732 -0.91878 -0.65339 0.05884 0.61553 1.2607 -0.39821 -0.26056 -1.0127 -0.38517 -0.096929 -0.11701 -0.48536 3.6902 0.30744 0.50713 -0.6537 0.80491 0.23672 0.61769 0.030195 -0.57645 0.60467 -0.63949 -0.11373 0.84984 0.41409 0.083774 -0.28737 -1.4735 -0.20095 -0.17246 -1.0984
who -0.19461 -0.051277 0.26445 -0.57399 1.0236 0.58923 -1.3399 0.31032 -0.89433 -0.13192 0.21305 0.29171 -0.66079 0.084125 0.76578 -0.42393 0.32445 0.13603 -0.29987 -0.046415 -0.74811 1.2134 0.24988 0.22846 0.23546 -2.6054 0.12491 -0.94028 -0.58308 -0.32325 2.8419 0.33474 -0.33902 -0.23434 0.37735 0.093804 -0.25969 0.68889 0.37689 -0.2186 -0.24244 1.0029 0.18607 0.27486 0.48089 -0.43533 -1.1012 -0.67103 -0.21652 -0.025891
they 0.70835 -0.57361 0.15375 -0.63335 0.46879 -0.066566 -0.86826 0.35967 -0.64786 -0.22525 0.09752 0.27732 -0.35176 -0.25955 0.62368 0.60824 0.34905 -0.27195 -0.27981 -1.0183 -0.1487 0.41932 1.0342 0.17783 0.13569 -1.9999 -0.56163 0.004018 0.60839 -1.0031 3.9546 0.68698 -0.53593 -0.7427 0.18078 0.034527 0.016026 0.12467 -0.084633 -0.10375 -0.47862 -0.22314 0.25487 0.69985 0.32714 -0.15726 -0.6202 -0.23113 -0.31217 -0.3049
had 0.60348 -0.52096 0.40851 -0.37217 0.36978 0.61082 -1.3228 0.24375 -0.5942 -0.35708 0.39942 0.031911 -1.0643 -0.52327 0.71453 0.063384 -0.46383 -0.34641 -0.72445 -0.13714 -0.19179 0.72225 0.6295 -0.8086 -0.037694 -2.0355 0.10566 -0.038591 -0.23201 -0.29627 3.3215 0.032443 0.085368 -0.40771 0.45341 -0.099674 0.44704 0.5422 0.18185 0.17504 -0.33833 0.31697 -0.025268 0.095795 -0.25071 -0.47564 -1.0407 -0.15138 -0.22057 -0.59633
i 0.11891 0.15255 -0.082073 -0.74144 0.75917 -0.48328 -0.31009 0.51476 -0.98708 0.00061757 -0.15043 0.8377 -1.0797 -0.5146 1.3188 0.62007 0.13779 0.47108 -0.072874 -0.72675 -0.74116 0.75263 0.8818 0.29561 1.3548 -2.5701 -1.3523 0.4588 1.0068 -1.1856 3.4737 0.77898 -0.72929 0.25102 -0.26156 -0.34684 0.55841 0.75098 0.4983 -0.26823 -0.0027443 -0.018298 -0.28096 0.55318 0.037706 0.18555 -0.15025 -0.57512 -0.26671 0.92121
their 0.41519 0.13167 -0.0569 -0.56765 0.49924 0.21288 -0.81949 0.32257 -0.065374 -0.055513 0.11837 0.36933 -0.46424 -0.072383 0.068214 0.0014523 -0.07322 -0.65668 0.11368 -0.91816 0.029319 0.38103 0.34032 -0.21496 -0.26681 -1.6509 -0.71668 -0.41272 0.48465 -0.62432 4.1939 1.4292 -0.45902 -0.51709 0.2626 0.51086 -0.23999 -0.06962 -0.4561 -0.48333 -0.39544 -0.53831 -0.070727 0.54496 0.2351 -0.18746 -0.2242 -0.11806 -0.34499 -0.86949
: -0.17587 1.3508 -0.18159 0.45197 0.37554 -0.20926 0.014956 -0.87286 -0.54443 -0.25731 -0.521 0.62242 -0.52387 -0.061782 1.1805 -0.041984 0.10582 -0.20913 -0.54508 0.027728 -0.31329 0.13439 0.55192 0.75419 0.30996 -1.3301 -0.9862 -0.33747 0.17633 -0.37547 3.4474 0.14171 -0.65033 0.10118 0.00014796 -0.074707 0.19146 -0.47977 0.39628 -0.13403 0.43043 0.45704 0.59387 -0.40308 0.067302 1.2784 0.49927 0.15617 0.5665 0.61385
or 0.26358 0.18747 0.044394 -0.19119 0.45455 0.66445 0.25855 -0.64886 -0.67653 0.045254 0.071081 0.3645 0.74863 -0.17489 0.28723 0.43277 -0.39184 -0.048568 -0.21373 -0.72992 0.13902 -0.23308 0.70256 0.2176 -0.20647 -1.415 -0.32587 -0.075019 0.88536 -0.56679 4.0296 0.019803 -0.57259 -0.060878 0.14667 0.16532 0.21188 -0.38358 0.42748 -0.096921 0.19285 0.021779 0.58562 0.97633 0.20384 -0.2162 -0.021486 -0.42936 0.52879 -0.12598
new 0.19511 0.50739 0.0014709 0.041914 -0.16759 0.037517 -1.397 -0.92398 -0.24296 -0.15171 -0.47829 0.054612 -0.24986 0.38398 0.016182 0.34938 -0.22627 0.086618 -0.41001 -0.18139 0.75607 -0.0262 -0.69557 0.10874 -0.47539 -1.8095 -0.1694 -0.059863 -0.16806 -0.094546 3.661 0.041462 -0.29161 -0.69772 0.30805 -0.28457 0.13217 -0.007643 -0.09239 -0.49237 -0.27055 0.060425 0.095107 -0.23679 -0.086108 1.0243 -0.22779 0.030488 -0.14272 0.45411
two 0.58289 0.36258 0.34065 0.36416 0.34337 0.79387 -0.9362 0.11432 -0.63005 -0.55524 -0.28706 -0.47143 -0.75673 0.63868 0.22479 -0.64652 -0.074314 -0.34903 -0.97285 -0.53981 0.015171 0.24479 0.62661 0.070447 -0.51629 -1.2004 0.3122 -0.44053 -0.29869 -0.56326 4.022 0.38463 -0.028468 0.068716 1.0746 0.48309 0.2475 0.22802 -0.35743 0.40392 -0.54738 0.15244 0.41 0.15702 0.0077935 -0.015106 -0.28653 -0.16158 -0.35169 -0.82555
more 0.87943 -0.11176 0.4338 -0.42919 0.41989 0.2183 -0.3674 -0.60889 -0.41072 0.4899 -0.4006 -0.50159 0.24187 -0.1564 0.67703 -0.021355 0.33676 0.35209 -0.24232 -1.0745 -0.13775 0.29949 0.44603 -0.14464 0.16625 -1.3699 -0.38233 -0.011387 0.38127 0.038097 4.3657 0.44172 0.34043 -0.35538 0.30073 -0.09223 -0.33221 0.37709 -0.29665 -0.30311 -0.49652 0.34285 0.77089 0.60848 0.15698 0.029356 -0.42687 0.37183 -0.71368 0.30175
about 0.89466 0.36604 0.37588 -0.41818 0.58462 0.18594 -0.41907 -0.46621 -0.54903 0.02477 -0.90816 -0.48271 -0.050742 -0.74039 1.4377 -0.01974 -0.2384 0.43154 -0.6612 -0.41275 0.25475 0.93498 0.81404 -0.17296 0.61296 -1.8475 -0.27616 0.27701 0.42347 -0.11599 3.6243 0.12306 -0.023526 -0.24843 -0.22376 -0.53941 -0.62444 -0.27711 0.49406 0.020234 -0.2346 0.44512 0.53397 0.66654 -0.093662 -0.035203 -0.064194 0.55998 -0.66593 0.12177
when 0.27062 -0.36596 0.097193 -0.50708 0.37375 0.16736 -0.94185 0.54004 -0.66669 -0.24236 0.25876 0.28084 -0.86643 -0.068961 0.90346 0.40877 -0.39563 -0.25604 -1.0316 -0.26669 -0.080584 0.40841 0.55885 -0.18299 0.46494 -2.2671 0.14102 0.19841 0.5153 -0.27608 3.3604 0.15123 -0.36693 -0.28804 0.076042 -0.076662 0.21897 0.39001 0.38684 -0.16961 -0.33674 0.37094 -0.45911 0.00066285 -0.17797 0.12467 -0.015418 -0.75256 -0.17335 -0.22587
out 0.32112 -0.69306 0.47922 -0.54602 0.28352 0.20346 -0.98445 -0.14103 -0.13147 -0.085975 -0.49509 0.00276 -1.1173 0.33729 0.61312 -0.06711 0.3538 -0.35183 -0.58191 -0.69525 -0.025032 0.61675 0.78522 -0.19594 0.26324 -1.8976 0.14645 0.48885 0.61818 -1.012 3.7285 0.66615 -0.33364 0.31896 -0.15174 0.3098 0.04967 0.27144 0.34595 -0.08185 -0.37469 0.39981 0.084925 0.31237 -0.12677 0.036322 -0.069533 -0.43547 -0.1108 -0.585
years 0.16962 0.4344 -0.042106 -0.63324 -0.1278 0.53668 -1.0662 -0.32629 -0.50079 0.10247 -0.021968 -0.35105 -0.64153 -0.42454 1.3836 -0.13543 -0.24754 0.22156 -0.65563 0.44424 0.17017 0.35816 0.56379 -0.48044 -0.14765 -1.629 -0.31308 -0.47217 0.02659 0.47603 3.4619 0.12069 -0.045344 -0.47303 0.28569 -0.077584 -0.16447 0.7181 0.2617 -0.16841 -1.245 -0.076188 0.17493 0.24507 -0.63801 -0.21096 -0.49918 -0.50108 -0.7704 -0.32234
world -0.41486 0.71848 -0.3045 0.87445 0.22441 -0.56488 -0.37566 -0.44801 0.61347 -0.11359 0.74556 -0.10598 -1.1882 0.50974 1.3511 0.069851 0.73314 0.26773 -1.1787 -0.148 0.039853 0.033107 -0.27406 0.25125 0.41507 -1.6188 -0.81778 -0.73892 -0.28997 0.57277 3.4719 0.73817 -0.044495 -0.15119 -0.93503 -0.13152 -0.28562 0.76327 -0.83332 -0.6793 -0.39099 -0.64466 1.0044 -0.2051 0.46799 0.99314 -0.16221 -0.46022 -0.37639 -0.67542
can 0.8052 0.37121 0.55933 -0.011405 0.17319 0.195 0.057701 -0.12447 -0.011342 0.20654 0.41079 0.89578 0.31893 0.030787 0.60194 1.2023 0.68283 -0.13267 0.16984 -1.4674 -0.41844 -0.47395 0.7267 0.61088 0.44584 -1.4793 -0.50037 -0.12249 0.75994 -0.77112 3.9653 0.38077 -0.6439 -0.84899 0.07554 0.17522 0.30117 0.12964 0.27253 -0.32951 0.34211 0.15608 0.20953 0.97948 0.35927 0.19116 0.45494 -0.1895 -0.20902 0.47612
do 0.29605 -0.13841 0.043774 -0.38744 0.12262 -0.6518 -0.2824 0.090312 -0.55186 0.3206 0.0037422 0.93229 -0.22034 -0.21922 0.9217 0.75724 0.84892 -0.0042197 0.53626 -1.2667 -0.61028 0.167 0.82753 0.65765 0.48959 -1.9744 -1.149 -0.21461 0.80539 -1.4745 3.749 1.0141 -1.1293 -0.52661 -0.12029 -0.27931 0.065092 -0.043639 0.60426 -0.20892 -0.45739 0.010441 0.41458 0.689 0.14468 -0.031973 -0.048073 -0.00011279 0.13854 0.96954
only 0.24887 0.21487 0.22899 -0.12671 0.63105 0.51149 -0.4651 0.068288 -0.30937 -0.0070085 0.19937 -0.18019 -0.18827 -0.28697 0.78777 0.067418 0.20876 -0.077169 -0.69009 -0.42171 -0.39751 -0.050562 0.50292 0.10793 0.23047 -1.5503 -0.18474 -0.18316 0.26182 -0.2971 3.9005 0.27993 -0.16575 -0.19005 0.46649 -0.034911 0.57901 0.44878 -0.29949 -0.26163 -0.16132 0.022983 0.29275 0.46456 -0.59639 0.12681 -0.35771 0.029972 -0.14917 -0.084244
them 0.64642 -0.556 0.47038 -0.82074 0.79512 0.28771 -0.56426 0.1463 -0.52421 0.021607 -0.11266 0.31986 -0.057542 -0.23375 0.63703 0.3382 0.4649 -0.42398 0.091868 -0.8804 0.22077 0.7127 0.98196 -0.033819 0.31554 -1.8001 -0.26003 -0.37762 0.85634 -1.3393 3.6408 0.87273 -0.7923 -0.51268 0.14415 0.55439 0.1006 0.13233 -0.071904 -0.16399 -0.089989 -0.031932 0.6139 0.40419 0.22686 -0.18974 -0.55403 -0.35831 -0.10995 -0.447
what 0.45323 0.059811 -0.10577 -0.333 0.72359 -0.08717 -0.61053 -0.037695 -0.30945 0.21805 -0.43605 0.47318 -0.76866 -0.2713 1.1042 0.59141 0.56962 -0.18678 0.14867 -0.67292 -0.34672 0.52284 0.22959 -0.072014 0.93967 -2.3985 -1.3238 0.28698 0.75509 -0.76522 3.3425 0.17233 -0.51803 -0.8297 -0.29333 -0.50076 -0.15228 0.098973 0.18146 -0.1742 -0.40666 0.20348 -0.011788 0.48252 0.024598 0.34064 -0.084724 0.5324 -0.25103 0.62546
made 0.14205 0.0046063 -0.40052 0.076568 0.27081 0.61955 -0.84904 -0.30413 -0.58594 0.092473 -0.034618 0.45746 -0.42953 -0.044566 0.38408 -0.096784 -0.048204 -0.26517 -0.50191 -0.51384 0.19384 0.15066 0.43169 -0.86243 0.059659 -1.5264 -0.11795 0.1915 0.10062 -0.49343 3.388 0.047361 -0.2738 0.03688 0.43812 0.28114 0.40339 0.87699 -0.40557 -0.15664 0.085523 0.36692 -0.081265 -0.32905 -0.069627 0.10247 -0.61574 0.27769 0.033304 -0.24918
between 0.7503 0.71623 -0.27033 0.20059 -0.17008 0.68568 -0.061672 -0.054638 -0.86404 -0.61395 -0.11047 -0.38827 -0.65705 -0.51993 -0.11222 0.35218 -0.062404 -0.1367 -0.74921 0.29496 0.646 -0.045973 0.67607 0.43915 -0.11932 -1.2565 0.61853 -0.057893 0.11771 0.45169 3.8217 0.19942 -0.3056 -0.3612 0.16007 -0.62274 -0.83083 -0.032579 -0.4838 0.60626 -0.22847 -0.073889 0.052593 0.039626 -0.72325 0.11038 0.35692 -0.26172 -0.67303 -0.87038
did 0.042523 -0.21172 0.044739 -0.19248 0.26224 0.0043991 -0.88195 0.55184 -0.64939 -0.17511 0.1225 0.68355 -0.82141 -0.35839 0.96636 0.54873 0.065911 -0.4903 -0.26302 -0.66737 -0.2046 0.37963 0.52251 -0.26308 0.40828 -2.2215 -0.5848 -0.26058 0.30964 -0.95756 3.0448 0.37217 -0.68005 -0.60398 0.13016 -0.29502 0.51808 0.29607 0.19795 -0.15422 -0.22707 0.16382 -0.092931 0.2265 0.036166 -0.0059486 -0.34131 0.12102 -0.23999 0.46656
company 0.62583 -0.57703 0.41163 0.86812 -0.083097 0.26555 -1.48 -0.38792 0.42727 0.1168 0.7839 0.81352 -0.78763 -0.6544 -0.099214 0.20658 -0.73315 0.86418 -0.26917 -0.93792 1.919 -0.17473 -0.61905 -0.5035 -0.9341 -1.6755 -0.79399 -0.32003 -0.067678 -0.12344 3.2909 -0.43151 0.3879 0.38733 -0.018419 -0.98191 -0.53189 0.39866 0.89452 -0.40963 0.58922 -0.52377 0.27893 -0.25766 -0.30457 -0.066305 -1.1221 0.21582 -0.15586 0.64018
back 0.0046218 -0.25678 0.3532 -0.82697 0.099033 -0.27524 -1.2297 0.37345 -0.44635 -0.36967 -0.12421 0.20837 -1.1801 0.045587 0.47457 0.40557 0.046003 -0.62809 -0.70816 -0.42283 -0.24011 0.44871 0.14759 -0.17298 0.31948 -2.0483 0.43036 0.44567 0.52804 -0.72942 3.5192 0.72008 -0.19861 0.42855 0.029422 0.15914 -0.16062 0.3479 0.35462 -0.53138 -0.28746 0.35596 -0.083996 -0.0064132 -0.32994 0.055304 0.50614 -0.80837 -0.33017 -0.62638
both 0.25707 0.25305 -0.082529 0.12036 0.19351 0.66386 -0.45209 -0.084674 -0.57591 -0.0055412 0.35637 0.1987 -0.68307 -0.15141 -0.093202 0.11426 0.27492 -0.23495 -0.21676 -0.61231 -0.1915 0.19664 0.51456 0.16767 0.033627 -1.4032 -0.077227 -0.32463 -0.32382 -0.23254 3.6787 0.34334 0.16075 -0.75931 0.36933 -0.10338 -0.06278 0.47076 -0.64781 -0.055166 -0.096726 0.11986 0.14052 0.018292 -0.05436 0.12612 -0.40612 -0.095894 -0.35745 -0.17943
old -0.48533 0.98378 -0.29031 -0.33076 0.7467 0.59922 -1.4261 0.084897 -0.25334 -0.10804 -0.073621 -0.24042 -0.60009 0.27719 0.61283 0.077262 -0.47997 0.50699 0.1302 0.66519 -0.84582 0.94113 -1.0953 0.40358 0.16514 -2.5206 -0.16821 0.20541 0.20474 0.07438 2.7209 -0.70897 -0.049539 0.96305 0.72107 0.55294 -0.13857 0.59796 0.58361 -0.42162 -0.21735 0.36125 0.18277 0.33058 0.58751 0.1003 -0.16219 -0.95943 0.03837 -0.73304
used 0.53964 -0.13732 0.26655 -0.19516 -0.27085 0.61536 -0.4052 -0.83053 -0.38883 0.065268 0.5375 0.65439 0.41593 -0.09421 -0.29161 0.40866 -0.14244 0.45586 -0.47516 -1.0329 0.33194 -0.59274 0.43132 -0.0028016 -0.21245 -1.5564 -0.5771 -0.19148 0.51854 -0.79724 3.486 -0.60214 -0.69157 -0.63335 0.63745 0.82274 0.53723 0.31433 -0.2518 0.47469 0.70936 0.22682 0.065133 0.50814 0.54933 -0.099623 0.084533 -0.12983 -0.073696 -0.42038
much 0.36999 0.082841 0.16883 -0.50223 0.37935 0.13343 -0.32527 -0.17964 -0.40393 0.58149 -0.14505 0.1399 -0.1566 -0.60951 0.62075 0.5596 0.35677 0.25654 -0.33583 -0.82497 -0.11897 0.21829 0.27755 -0.38194 0.54374 -1.7705 -0.74366 0.40402 0.88709 -0.021368 3.7891 0.39953 0.51627 -0.48584 -0.052367 -0.28135 -0.60422 0.46096 0.11491 -0.49699 -0.34498 0.38645 0.14052 0.43843 -0.33583 0.13546 -0.12158 0.0053184 -0.50853 0.24986
here 0.14094 0.68201 -0.50406 0.38316 0.63427 -1.1851 -0.46932 0.28639 -0.43216 -0.55399 -0.44542 -0.37547 -0.3705 -0.10563 1.1606 0.43494 0.38033 0.030184 -0.24547 -0.43203 -0.031259 0.50174 0.27714 0.12505 0.82877 -1.7273 -0.3644 0.30344 -0.17817 -0.012443 3.4775 0.51806 -0.46432 -0.13342 -0.22624 -0.24472 0.062998 0.50663 -0.31938 0.079926 -0.54474 0.19452 0.12387 -0.055269 0.65444 0.43451 -0.42384 0.11082 0.11009 -0.27094
? -0.14578 0.50459 0.047525 -0.46463 0.44249 -0.16772 -0.40334 -0.39223 -0.41543 0.27637 -0.63027 0.69033 -0.45441 0.0015845 1.312 0.52413 0.3738 0.28156 -0.0040563 -0.52664 -0.57061 0.36561 0.59174 0.34713 0.45009 -2.1454 -1.3795 0.307 1.4876 -0.96313 2.8403 0.50247 -0.86752 0.06413 -0.36376 -0.14019 0.11975 -0.045442 0.72682 -0.44447 -0.27226 0.1503 0.11489 0.71237 0.11341 0.22835 -0.040801 -0.41468 0.11054 1.1681
same 0.24133 0.39489 -0.053433 -0.13301 0.66102 0.72613 -0.29715 -0.44377 -0.38728 -0.040131 0.24817 -0.03752 -0.30168 -0.19275 0.62111 0.080877 -0.381 0.057489 -0.5805 -0.55155 -0.098621 0.0098178 0.13969 0.11037 0.18329 -1.6027 -0.64303 0.08079 0.30197 -0.18902 3.7301 -0.0080466 -0.20651 -0.44873 0.24951 -0.24429 0.36645 0.12684 -0.125 -0.11776 -0.060836 -0.00089291 -0.1146 0.27976 -0.48725 -0.014575 0.051452 -0.13944 0.087574 0.20583
good -0.35586 0.5213 -0.6107 -0.30131 0.94862 -0.31539 -0.59831 0.12188 -0.031943 0.55695 -0.10621 0.63399 -0.4734 -0.075895 0.38247 0.081569 0.82214 0.2222 -0.0083764 -0.7662 -0.56253 0.61759 0.20292 -0.048598 0.87815 -1.6549 -0.77418 0.15435 0.94823 -0.3952 3.7302 0.82855 -0.14104 0.016395 0.21115 -0.036085 -0.15587 0.86583 0.26309 -0.71015 -0.03677 0.0018282 -0.17704 0.27032 0.11026 0.14133 -0.057322 0.27207 0.31305 0.92771
six 0.29281 0.31322 0.58541 0.044983 0.38666 0.60109 -0.87665 0.09606 -0.19744 -0.49457 -0.41672 -0.75916 -0.6508 0.52929 0.6589 -0.79883 -0.1297 -0.28493 -1.2256 -0.22497 -0.011196 0.2396 0.77621 -0.14746 -0.62975 -0.93334 0.55396 -0.54297 -0.3178 -0.30144 3.8218 0.45976 -0.07032 0.44685 1.1156 0.41392 0.50005 0.19087 -0.14513 0.046651 -0.7588 -0.15138 0.56228 0.16382 -0.22547 0.11267 -0.32517 0.061608 -0.37181 -0.66733
go 0.14828 0.17761 0.42346 -0.31489 0.32273 -0.72413 -0.78955 0.49214 -0.20693 -0.00055088 -0.47877 0.28853 -0.57376 0.27217 1.1129 0.57808 0.69321 -0.28652 -0.054545 -0.61826 0.17227 0.29263 0.38184 0.62186 0.55461 -1.7411 -0.28802 -0.1714 0.74743 -1.0135 3.3596 1.137 -1.0028 0.17685 -0.0061795 -0.063491 0.19077 0.044046 0.38228 -0.41607 -0.50359 -0.083803 0.17508 0.4042 0.077324 0.17415 0.12541 -0.2182 0.12971 0.32953
best -0.91572 0.60345 -0.31077 0.28433 0.5461 -0.0039229 -0.9464 -0.3021 0.07115 0.82385 -0.16949 0.41054 -0.48622 0.61483 0.70468 -0.60032 0.89382 0.11781 -0.77831 -0.52206 -0.10077 0.38392 0.27892 0.37202 0.49374 -1.1495 -1.1505 -0.72089 -0.03809 -0.45699 3.3425 0.5666 0.00088944 -0.2003 0.53662 0.28478 -0.083822 0.97535 -0.35985 -1.0818 -0.051555 0.30453 0.0047155 -0.25214 -0.35151 0.26135 0.19998 -0.056032 0.074988 0.76092
came 0.03413 -0.1529 -0.087984 -0.21692 0.29229 -0.072007 -1.0252 0.50136 -0.57328 -0.10813 -0.18637 -0.27509 -0.80462 -0.15915 0.56122 -0.18315 -0.24854 -0.60133 -0.98713 -0.08832 0.033427 0.29101 0.071743 -0.43179 0.2404 -1.9052 -0.1955 0.068605 0.019887 -0.10984 3.0229 0.24949 -0.28191 -0.0098004 0.1651 -0.15466 0.11498 0.25807 -0.029927 -0.21309 -0.35143 0.32539 -0.37124 -0.43276 0.034539 0.14591 -0.15846 -0.13913 -0.071206 -0.46056
months 0.66834 -0.21732 0.37639 -0.47502 -0.023343 0.30418 -0.85643 0.28393 -0.10913 -0.10303 -0.078653 -0.72692 -0.7649 -0.23649 1.5266 0.22007 -0.84737 -0.50695 -0.54568 0.20532 0.61807 0.37876 0.73665 -0.63081 -0.4291 -1.4922 0.42842 -0.025046 0.25997 0.94781 3.4953 0.2549 -0.17717 -0.13937 0.26627 -0.23262 -0.086835 0.36772 0.13767 -0.50294 -1.2415 0.093426 0.028504 -0.153 -0.10935 -0.51973 -0.12963 -0.01076 -0.475 -0.082577
me -0.14525 0.31265 0.15184 -0.63708 0.63553 -0.50295 -0.23214 0.52892 -0.58629 0.53935 -0.3055 1.0357 -0.77989 -0.19387 1.2215 0.24521 0.26144 0.22439 0.15584 -0.79146 -0.65262 1.3211 0.76618 0.38234 1.4453 -2.2643 -1.1505 0.50373 1.2651 -1.5903 3.0518 0.84118 -0.69543 0.29985 -0.49151 -0.22312 0.59528 -0.076347 0.52358 -0.50134 0.22483 0.01546 -0.088005 0.21282 0.28545 -0.15976 -0.16777 -0.50895 0.14322 1.0118
european -0.0080185 0.41827 -0.68371 0.01923 -0.33277 0.16856 -0.65487 -0.47132 -0.33454 -0.48188 1.2215 0.043931 -0.60405 0.96154 0.615 0.33789 0.89919 -0.61214 -0.56839 -0.71452 0.39191 -0.58471 -0.6241 0.35325 -0.33529 -1.3378 -0.032167 -0.25649 -1.2263 0.97411 3.4508 0.67662 -0.27501 0.01842 -0.7447 -0.76181 -0.32961 0.53117 -0.85266 -0.67651 0.10604 -0.40192 1.6095 -0.51078 0.26835 0.78402 -0.33166 1.06 -0.045851 -0.90621
few 0.6008 0.18044 0.078339 -0.49145 0.15206 0.070585 -0.99555 0.24069 -0.70344 -0.079897 -0.6171 -0.22407 0.087453 -0.065739 0.61235 -0.0053355 0.10193 -0.24652 -0.31209 -1.0608 0.11929 0.19158 0.73512 0.18325 0.30307 -1.196 -0.67715 0.27333 0.46601 -0.39764 3.7388 0.38117 0.32813 -0.4689 0.39003 0.3538 -0.25716 0.32472 -0.2648 0.011687 -0.42164 0.26935 0.12562 0.71086 0.21745 0.030797 -0.17412 -0.016404 -0.65372 -0.38255
too 0.28667 -0.3802 -0.041817 -0.85846 0.06248 0.025986 -0.32459 0.18082 -0.65606 0.5788 -0.46697 0.47908 -0.39725 0.2364 0.52934 0.54077 0.56033 -0.099687 0.18613 -1.0673 -0.55724 0.50778 0.56096 0.2229 0.6416 -2.1331 -0.70944 0.8673 0.98519 -0.26189 3.434 0.43325 0.28927 -0.23043 0.014924 -0.08176 -0.2571 0.65917 -0.11367 -0.59716 -0.45952 0.58421 0.4071 0.86048 0.2111 -0.044352 -0.27231 -0.13064 0.18349 0.58699
companies 0.51809 -1.1148 0.80542 0.74613 -0.51765 0.022329 -1.1665 -0.38518 0.25655 0.36769 0.3582 0.70135 -0.28008 -0.12265 -0.14963 0.14381 -0.1422 0.16931 0.36557 -1.511 1.7301 -0.6053 -0.16457 -0.16064 -0.91074 -1.3738 -0.61214 -0.93307 -0.0039919 -0.30649 3.776 0.43728 0.65859 0.022101 0.043874 -0.846 -0.99271 0.20027 0.14687 -0.39595 -0.25364 -0.54625 1.224 0.72737 0.18714 -0.17607 -1.1303 0.67082 -0.16598 0.32113
small 1.1419 0.21621 0.05988 -0.22087 0.721 0.55394 -0.85043 -0.27485 0.0788 -0.54447 -0.16458 -0.39355 0.94567 0.3132 -0.57388 0.006172 0.51563 0.59235 -0.5439 -1.1097 0.13733 -0.66901 -0.16584 0.44869 -0.42889 -1.1225 -0.43607 0.55676 0.39962 -0.25964 3.8543 -0.33091 0.38144 0.059943 0.19653 0.50617 -0.41123 0.16168 0.1503 -0.061063 -0.0063997 0.1881 -0.037663 0.29605 0.46124 0.0066039 -0.30738 -0.64137 -0.058311 -0.45848
japan -0.31739 -0.14033 0.32292 1.072 0.33008 0.39406 -0.016682 0.076903 -0.74591 -0.31521 1.0033 -0.12659 0.063252 0.64006 0.70721 0.84303 -0.68832 0.47214 -0.66002 0.73962 1.1116 -0.89428 -0.90364 -0.47281 0.88529 -2.0194 0.30623 -0.31662 -0.44423 -0.52139 3.0287 0.70315 0.92315 0.52263 -0.62674 -0.58995 -0.15876 -0.078332 -1.0794 -0.71552 -1.2764 -0.85554 1.2827 -1.2134 1.0125 0.40329 -0.16276 0.99117 0.031016 -0.35431
born -0.7612 0.742 -0.75359 -0.36649 0.54969 0.86675 -1.0995 0.19328 -0.96001 -0.25371 1.2398 0.12922 -0.022006 -0.825 0.64982 -0.011163 0.018071 0.67428 -1.0448 1.5884 -0.41585 0.59603 0.3206 0.94848 0.26356 -1.6969 0.39613 -0.72256 -0.61241 0.40361 1.5486 -0.93729 -0.043978 -0.52375 0.69081 -0.42935 0.020526 0.68102 0.90465 0.33926 0.015701 0.7512 0.1686 -1.1469 0.022237 0.18285 -0.69154 -1.6335 0.30284 0.40795
along 0.53208 0.39724 0.26487 -0.1826 -0.36663 -0.12459 -1.003 -0.037384 0.16864 -0.76315 -0.46422 -0.23402 -0.35433 -0.13697 -0.51486 -0.11437 0.44923 -0.027878 -0.3583 -0.38865 0.13319 0.001383 0.26255 0.38568 0.15638 -1.2227 0.16903 0.58391 0.15252 -0.83467 3.4411 -0.16112 0.17808 -0.20218 0.14701 0.20863 -0.45945 -0.14975 -0.26156 0.62172 -0.42197 0.39483 0.10647 -0.41937 -0.29763 -0.20887 0.083192 -1.2113 -0.36894 -0.74188
went -0.32756 -0.21984 0.099508 -0.24301 0.22359 -0.25579 -1.5678 0.71203 -0.60978 -0.14974 -0.1801 -0.2335 -0.93444 0.073475 0.65635 -0.20076 -0.2858 -0.30971 -1.0596 0.087789 0.37395 0.45275 0.29004 -0.1191 0.24409 -1.6391 0.25765 -0.20782 0.29576 -0.67762 2.7144 0.43182 -0.23828 0.045421 0.35536 0.022495 0.31211 0.62886 0.42454 -0.017082 -0.53178 -0.12794 -0.23537 0.019563 -0.078219 -0.052478 -0.085261 -0.61849 0.014238 -0.18098
'm -0.61199 -0.068387 0.018546 -0.82272 0.94799 -0.57071 -0.69855 0.52861 -0.57613 0.4641 -0.3344 0.3316 -0.88936 0.30607 1.2336 0.11551 0.61572 0.7174 0.069311 -0.74619 -0.99246 1.2628 0.74438 0.64764 1.4961 -2.1165 -0.86129 0.69027 1.1064 -0.88764 2.9784 0.72146 -0.098183 0.14069 -0.47226 -0.58633 0.42419 0.58975 0.42007 -0.87982 -0.33754 -0.3831 -0.25257 0.81279 0.29034 -0.087229 -0.40791 -0.24318 0.20265 1.3555
story 0.48251 0.87746 -0.23455 0.0262 0.79691 0.43102 -0.60902 -0.60764 -0.42812 -0.012523 -1.2894 0.52656 -0.82763 0.30689 1.1972 -0.47674 -0.46885 -0.19524 -0.28403 0.35237 0.45536 0.76853 0.0062157 0.55421 1.0006 -1.3973 -1.6894 0.30003 0.60678 -0.46044 2.5961 -1.2178 0.28747 -0.46175 -0.25943 0.38209 -0.28312 -0.47642 -0.059444 -0.59202 0.25613 0.21306 -0.016129 -0.29873 -0.19468 0.53611 0.75459 -0.4112 0.23625 0.26451
growth 0.33333 -0.039821 0.642 -0.21077 0.42782 0.38681 -0.54636 -1.4991 0.96855 0.89759 0.86417 -0.37381 -0.23604 -0.55894 0.24054 0.88643 0.26991 -0.68754 0.037108 -0.22213 0.24311 -1.4992 -0.42624 -0.86016 0.31334 -0.48929 0.24526 0.14558 0.34915 1.3622 3.9114 0.841 1.2141 -0.60177 -0.43122 -0.93663 -0.97481 0.61869 0.35766 -0.63933 -1.5266 -0.55207 -0.46388 -0.71072 0.43589 -0.47324 0.61274 0.30331 0.67115 0.51056
real 0.68997 0.54491 -0.044471 0.40682 0.84882 -0.33421 -0.25646 -0.10524 -0.63829 1.1445 0.088571 0.5939 -0.89007 -0.449 0.65968 -0.20617 0.62619 -0.0010909 -0.27785 -0.2776 -0.35532 -0.014778 -0.53777 0.31855 -0.23594 -1.2705 -0.55335 0.18315 0.9158 0.0086257 3.2495 0.45996 0.051268 -0.73256 -0.27552 0.14231 -0.70384 0.025998 0.43401 -1.0457 0.33861 0.072388 -0.13624 0.052895 -0.16058 -0.13831 0.084937 0.054471 1.0423 0.35811
enough 0.36349 -0.21569 0.6504 -0.66659 0.66962 -0.033247 -0.14641 0.4757 -0.027242 0.68283 -0.3005 0.16224 0.13964 -0.049015 0.3111 0.4039 0.82817 0.066499 -0.12749 -1.4641 -0.24064 0.21676 0.49294 -0.3412 0.46205 -1.7469 -0.38856 0.33027 1.0585 -0.28635 3.519 0.69348 -0.19525 -0.47188 0.25665 0.28303 -0.10587 0.82391 0.20327 -1.0366 -0.029874 0.10529 0.14582 0.47456 0.08294 0.28384 -0.17346 0.23783 -0.14903 0.44835
call 0.098201 0.39924 0.25697 -0.085349 0.27175 -0.63637 -0.62719 0.25895 -0.53249 -0.22927 -0.76258 0.2173 0.37017 0.082194 0.46016 0.14439 -0.35333 -0.62408 0.1025 -0.58597 0.16874 0.41939 0.082275 0.48931 0.62348 -1.8434 -0.11815 -0.25465 0.38033 -0.41893 3.0159 0.35014 -1.2656 -0.14951 -0.32056 -0.72769 0.5398 -1.2532 -0.013795 -0.0048093 0.37453 0.41136 -0.12614 0.48701 0.4782 0.35898 -0.1709 0.70284 0.32207 0.77503
continued -0.017523 -0.36245 -0.17325 -0.62611 -0.58709 -0.3783 -0.666 0.63348 -0.23642 -0.13733 0.15157 0.087528 -0.87999 -0.67405 -0.044755 0.052448 -0.13278 -0.69596 -0.51899 -0.21369 0.7152 -0.019663 0.04485 -0.41934 0.11217 -1.1996 0.061107 -0.50021 0.40571 0.73455 3.2083 0.28122 0.16194 -0.79216 -0.2597 -0.20855 -0.45787 -0.19101 -0.35651 0.089007 -0.4731 -0.24534 -0.19832 -0.58813 0.27305 -0.18482 0.034286 -0.26754 -0.49822 -0.26897
worked -0.050169 -0.21908 -0.30202 -0.5959 -0.024815 0.04921 -1.6901 0.059931 -0.43421 -0.32425 0.26811 0.50399 -0.7147 0.26083 0.20719 -0.38671 0.019254 0.65947 0.083508 0.0097811 0.74331 0.75521 0.13292 -0.037893 -0.0080346 -1.4338 -0.17634 -0.63667 -0.17847 -0.28925 2.5824 -0.40282 -0.21123 -0.88652 0.019466 0.3753 -0.26544 0.97366 0.68016 0.20575 -0.10604 0.14381 -0.061076 -0.21492 0.015389 -0.33618 -0.4117 -0.57698 -0.64793 0.6995
thing -0.0086751 0.20393 -0.2809 0.038613 0.98161 -0.0065281 -0.23104 0.12747 -0.12763 0.45125 -0.54445 0.43703 -0.83501 0.33646 1.054 0.31061 0.89539 0.35598 0.0463 -0.61359 -0.75673 0.4372 0.041877 0.40898 1.0622 -1.9429 -1.5851 0.46778 1.3873 -0.76793 2.746 0.44763 -0.2672 -0.2175 -0.27831 -0.12655 -0.069537 0.28552 0.22963 -0.49098 -0.57948 0.10878 -0.23209 0.64553 0.027521 0.44922 0.048379 0.085849 0.14412 1.0824
let 0.067025 -0.010427 0.61778 -0.29952 0.68244 -0.53138 -0.0049878 0.67877 -0.3801 0.1606 -0.054663 0.85439 -0.48949 0.091105 0.79834 0.83093 0.79013 -0.31992 0.27924 -1.1659 -0.0048596 0.20945 0.5982 0.59395 0.50349 -1.8205 -0.31137 -0.073957 1.0215 -1.0536 2.9803 0.83399 -1.1412 0.15333 -0.49095 -0.28432 0.21243 -0.37621 0.46302 -0.32079 0.18216 0.20559 -0.051854 0.38381 0.062563 0.20926 0.21338 -0.42741 -0.19243 0.42443
doing 0.022106 -0.37986 -0.24854 -0.52531 0.18409 -0.14138 -0.38693 0.10206 0.014069 0.2995 -0.30555 0.41664 -0.76563 0.077208 0.7836 0.068687 0.70245 0.41951 0.33918 -0.71566 0.27352 0.88339 0.36778 0.19037 0.73786 -1.7281 -0.69032 -0.087871 0.85543 -0.89427 3.0578 0.79509 -0.19022 -0.54251 -0.33164 0.16021 -0.066689 0.56369 -0.041352 -0.095785 -0.52057 -0.0386 0.060081 0.39183 0.17933 -0.54933 -0.14474 0.1363 -0.31229 1.1079
activities 0.46477 0.29554 -0.97546 0.17221 -0.24979 -0.30498 -0.12355 -0.53853 0.86445 -0.021425 0.082401 0.05002 -0.25148 -0.016073 0.084548 -0.35023 0.52475 0.51743 0.2115 0.075702 1.4415 0.054987 0.19522 0.19182 -0.76863 -1.0331 0.11082 -0.70494 0.30756 0.29765 3.2293 0.37746 -0.6725 -1.451 -0.58413 0.60038 -0.48621 -0.10403 -0.99682 0.90901 -0.64254 -0.78676 0.13379 0.47721 0.56271 -1.2681 -0.45148 0.54255 -0.092682 0.18535
actually 0.42079 -0.12738 0.36681 -0.57293 0.73362 0.41758 -0.4178 -0.091456 -0.21547 0.34656 0.16233 0.3419 -0.006951 -0.31725 0.80116 0.415 0.16328 0.16512 -0.16882 -0.5675 -0.024469 -0.12133 0.522 0.073196 0.68463 -1.5733 -0.64653 0.15666 0.76238 -0.69613 2.9009 0.10207 -0.069171 -0.62469 0.018281 -0.21774 0.14294 0.17183 -0.045862 -0.37652 -0.39319 -0.093921 0.062569 0.29727 -0.12781 -0.25653 -0.018763 -0.2593 -0.023835 0.52329
deep 0.31445 1.2024 0.066651 -0.20096 -0.049636 0.66882 -0.049386 0.44174 0.1799 -0.10196 -0.43674 0.12076 -0.12495 0.43378 -0.87784 0.010281 0.54592 -0.28928 -0.46115 -0.32058 -0.69094 0.49733 0.40657 -0.90062 0.69699 -1.1536 -0.12229 1.0657 0.93207 0.20439 3.3004 0.14223 0.46493 0.075359 -0.56755 0.30769 -1.1251 -0.37871 0.57479 -0.12629 0.13589 0.10633 0.058432 0.40321 0.10243 0.12004 0.41383 0.051987 -0.5835 -1.1159
necessary 0.72819 -0.21176 0.050778 -0.24841 0.36645 -0.0029875 0.70764 0.43672 0.24043 0.12838 0.10438 0.44115 0.2895 -0.15018 -0.12017 0.63249 0.58013 -0.44712 0.6395 -0.80644 0.33204 -0.25274 -0.044131 -0.63054 0.14142 -1.1334 -0.018102 -0.46393 1.0067 0.011079 3.527 0.52572 -1.287 -0.92775 0.14154 0.37187 0.6852 0.49456 0.049191 -0.043113 -0.057702 -0.54269 0.52351 0.24164 -0.40593 0.34749 -0.072208 1.0647 0.19383 0.72624
quality -0.67847 0.26807 -0.41272 0.093043 0.13589 -0.24328 -0.21818 -0.67044 1.2368 0.82223 0.63178 0.37777 0.38513 -0.3197 -0.078817 0.048336 0.018997 0.39138 0.66823 -1.3361 0.11882 0.20497 0.12313 -0.47268 0.12567 -0.70716 -0.97148 0.28098 0.5314 0.090444 3.5529 0.39146 0.60669 -0.92181 0.6468 0.60054 0.0051373 0.90944 -0.079307 -0.56296 0.011638 -0.085385 0.4392 0.20362 -0.11492 0.17322 0.0025656 0.82189 0.25574 0.4105
gone 0.14513 -0.13443 0.26951 -0.46004 0.14494 -0.23993 -1.0524 0.37544 -0.27092 0.13444 -0.38185 0.013784 -0.74911 0.16717 1.1632 0.12295 0.23074 -0.041133 -0.20914 0.0081843 -0.16509 0.46467 0.49049 0.12288 0.48373 -1.4362 -0.56216 0.24582 1.0021 -0.33701 2.5794 0.37489 0.055079 -0.056746 -0.12793 0.15716 -0.086752 0.1954 0.24146 -0.49925 -0.88961 -0.15622 -0.018693 0.43489 -0.090316 0.057486 -0.27571 -0.40886 -0.24283 -0.054883
consider 0.4084 -0.21289 -0.33161 -0.37969 0.49363 0.1863 -0.090265 0.084286 -0.33284 0.31829 -0.21258 0.26476 0.11485 0.015548 0.65168 0.61561 0.6046 -0.5148 0.55274 -0.74774 0.38144 -0.21754 -0.029379 0.15438 -0.027591 -1.6582 -0.080464 -0.25261 0.32624 -0.16148 2.6663 0.24485 -1.028 -0.71985 0.1199 -0.57083 0.13055 0.016316 -0.72277 -0.091472 -0.61278 -0.069807 0.4593 0.79384 -0.034668 0.15423 -0.32258 1.0626 -0.19031 0.43584
revenue 0.22263 -0.49283 1.2934 0.42557 0.14798 0.090592 -0.49451 -1.2074 0.87441 0.26691 -0.1948 0.028313 0.081755 -1.1738 0.59447 0.076728 -0.31628 -0.19479 -0.15455 -0.36627 1.2218 -1.2517 -0.023092 -0.6343 -0.63816 -0.59428 -0.34494 -0.27055 0.37202 0.56863 3.263 0.99424 1.0956 0.45907 -0.18252 -0.64247 -0.60115 0.19699 0.38336 -0.58236 -0.20974 0.16576 0.10254 0.27614 -1.8876 -0.42205 -0.40071 0.82785 0.62564 0.55415
hearing 0.39635 -0.20853 -0.65421 0.52599 0.25617 0.086386 0.47975 1.1117 0.2376 -0.19653 -0.75014 -0.36562 -0.27271 0.11798 1.0048 0.054258 -1.1542 -0.59692 -0.0093672 -1.0014 0.66298 1.2068 0.39471 -0.38244 0.10797 -1.8652 0.34946 0.23035 -0.66651 -0.17004 2.3737 -0.30409 -0.64684 -1.2139 0.33741 -0.55481 1.2195 -0.398 0.51499 -0.24393 -0.58658 0.62791 -0.29612 0.77838 0.19358 0.07023 0.17904 0.18193 -0.50684 0.59791
bought 0.59821 -0.15459 0.674 -0.080294 0.37136 -0.028539 -2.1284 -0.53344 -0.661 0.15149 0.34121 0.61214 0.032028 -0.67961 0.79515 0.71061 -0.57689 0.70937 -0.6443 -0.29644 1.47 -0.11826 -0.25701 -0.022693 -1.0631 -1.213 -0.29367 0.11232 0.32683 -0.42163 1.8765 -0.40758 0.32243 0.73791 0.40511 -0.48087 -0.43446 0.55777 0.54097 -0.7269 0.75141 -0.15108 0.33418 0.18428 -0.17316 -0.12599 -1.1201 -0.72907 -0.30319 -0.13933
reasons 0.42702 0.20864 -0.48121 -0.090341 0.011514 0.33568 -0.32447 0.40251 -0.29553 -0.018601 0.056722 0.35374 -0.38198 -0.48329 0.88663 0.31344 -0.10943 -0.50179 0.26417 -0.56814 -0.057056 0.24521 0.017879 -0.12835 0.27988 -1.2867 -0.55614 -0.24519 0.55235 0.60767 2.65 0.37516 -0.11396 -1.2378 0.31002 -0.036758 0.26506 0.091349 -0.40717 0.19611 -0.3832 -0.14304 0.18925 0.85023 -0.12163 -0.24816 -0.50831 1.0771 0.16962 0.13798
forest -0.0033744 0.48159 -0.38963 0.43848 -0.50295 -0.42412 -1.208 -0.78874 1.0239 -1.0952 -0.19728 -0.30696 0.89009 -1.5123 -0.38904 0.46091 1.246 0.34774 -0.80965 -0.048087 -1.1181 -0.0453 -0.10027 -0.29881 -0.14263 -0.28798 0.36795 0.52148 0.022962 0.1424 2.6207 -0.89286 -0.2213 -0.88182 -0.029451 0.73686 -0.61829 -0.61146 0.89522 -0.79971 -0.44252 -0.55538 0.31708 0.14806 0.19353 0.68871 -0.075274 -0.92896 0.4294 -0.87843
solution 1.1908 0.23095 -0.169 0.043158 0.16602 0.61424 0.74083 0.050958 -0.033029 0.57433 0.27801 0.032734 -0.16744 0.039031 -0.0091897 1.0416 1.2401 0.066394 1.1815 -0.5456 0.032248 0.336 -0.015792 0.30239 0.39266 -0.66283 0.29985 0.40486 0.92657 0.95652 3.1577 -0.56382 -1.8908 -0.20699 0.074541 -0.22807 -0.25308 0.38774 0.20464 -0.19395 0.55547 -0.20615 0.050134 -0.13841 -0.020059 0.42713 0.42016 1.2225 0.32241 0.16752
wild -0.046249 -0.16576 -0.96172 0.50194 0.33884 0.35607 -1.3697 -0.36214 0.21503 0.057631 -0.15295 0.10924 0.8888 -0.18249 0.89996 -0.54187 1.024 -0.28708 -1.873 -0.089943 -1.0802 -0.65547 0.73238 0.1719 0.48795 -0.80141 -0.25138 0.02893 1.0217 -0.85974 2.2197 0.35087 0.0027398 0.20649 -0.4424 0.23825 -0.88252 -0.17194 -0.40331 -0.69336 -0.47558 0.02934 0.047288 0.15328 1.4114 0.35199 0.19566 -0.57582 0.00076079 -0.093414
closely 0.7086 -0.43722 -0.15647 0.0010759 0.76022 -0.0404 -0.47337 -0.71311 -0.18307 -0.78991 0.46076 0.065267 -0.28983 0.64828 -0.15363 0.68517 -0.055683 -0.30818 0.49552 -0.5809 0.14706 -0.30901 0.66008 0.30094 0.14542 -1.0045 -0.37271 0.26094 -0.76782 -0.0088887 2.6122 -0.33987 0.25887 -1.2494 -0.096776 -0.7543 -0.69212 0.43246 -0.74855 0.0053578 -0.77336 -0.36862 0.37739 0.093553 0.39435 -0.036331 0.026757 0.42014 -0.11384 0.1041
electronic -0.66594 -0.6551 0.92148 0.68301 -0.47822 -0.2803 -0.53848 -1.0404 0.86666 0.94106 0.68266 0.16785 0.27838 1.1826 -0.41586 -0.053318 -1.2734 -0.22728 0.087516 -0.91505 1.7087 -0.11551 -0.76449 0.027068 -0.029328 -0.72308 -0.74972 -0.72909 0.40463 -0.50634 2.9845 -0.58706 0.30288 -0.50952 -0.32629 0.43184 0.29218 -0.29649 -0.0017555 0.12518 1.0972 0.16128 0.22262 0.67454 0.15689 0.26961 0.78616 0.3645 -0.42447 -0.058735
balance -0.28723 -0.031746 0.15997 -0.20352 0.77203 0.59341 0.65547 -0.14207 0.32677 0.090039 0.11153 0.233 -0.4569 0.21512 -0.38994 0.2952 0.38436 -0.50646 0.56943 -0.89477 0.24002 -0.11455 -0.083754 -0.91161 0.15049 -0.85469 -0.2941 0.16614 0.75421 0.31919 3.1833 0.97951 0.11238 -0.18755 -0.3183 -0.027339 -0.71215 0.41368 0.40302 -0.78534 -0.43783 -0.32419 0.29145 0.14831 -0.94618 -0.15423 0.45022 0.58269 0.23596 0.1219
everybody -0.36492 -0.013237 0.21301 -0.40515 1.0934 -0.54383 -0.31472 0.42242 -0.16122 0.25724 -0.21721 0.29635 -0.79196 -0.02769 1.1767 0.49372 0.66496 0.47429 0.31658 -0.8194 -0.51762 0.87636 0.30481 0.63253 1.2503 -1.7193 -0.6857 0.63448 1.1682 -1.1608 2.4509 1.192 -0.092188 -0.047165 -0.71208 -0.28238 0.15341 -0.076044 0.41601 -0.46411 -0.40014 -0.0024021 -0.25959 0.30409 -0.031798 0.2724 -0.17576 -0.07914 -0.079116 0.99755
remember -0.11722 0.55144 0.10913 -0.73236 0.70768 -0.34881 -0.65423 0.28317 -0.93947 0.040508 -0.64891 0.21934 -0.318 -0.22777 1.4683 0.19116 -0.20114 0.16371 -0.070128 -0.52566 -0.42527 0.61272 0.42093 0.10032 1.1749 -1.4888 -1.3832 -0.020163 1.2494 -0.90783 1.8669 0.81414 -0.44588 -0.35989 -0.10227 0.047344 0.10692 -0.15646 0.15487 -0.13466 -0.58914 -0.049141 -0.30893 0.21003 0.44295 0.49062 -0.049601 -0.45035 -0.49683 0.42331
swedish -0.57288 -0.071822 -0.44958 -0.0093645 -0.017481 1.1567 -0.70637 0.5988 -0.28292 -0.62753 1.9554 -0.28 -0.18387 0.80617 0.74976 0.26771 0.15468 0.11167 -0.74834 0.51644 0.88166 -0.0483 -0.6653 0.96348 -0.035658 -1.5257 -1.334 -0.75787 -1.0378 0.60683 1.7462 0.017043 0.14906 1.148 -0.17223 0.14073 0.36411 0.27929 0.32483 -0.092368 1.036 0.42319 0.58145 -0.85527 -0.03957 -0.096418 -0.43513 0.92529 -0.097775 -0.96168
exactly 0.65231 0.14335 0.40117 -0.16664 1.1595 -0.055514 -0.0055901 0.015662 -0.62604 0.10004 -0.30654 -0.084817 -0.36174 0.044437 1.0036 0.44135 0.16649 -0.10938 -0.3133 -0.7807 -0.27446 0.19791 0.58306 0.26347 0.91289 -1.1172 -0.95494 0.30935 0.92042 -0.59419 2.5015 0.046936 -0.46372 -0.64048 0.21563 -0.46015 0.33687 0.28244 0.080691 -0.045496 -0.23991 -0.12775 0.031299 0.51838 -0.44902 0.16894 0.3925 0.33941 0.065578 0.61038
maximum -0.023463 1.0077 0.98091 -0.53002 0.18846 0.048307 1.959 0.041013 1.1164 0.51352 0.19646 -0.51555 0.36224 -0.53378 0.38219 -0.34889 0.32007 0.35281 -0.8675 -1.1019 -0.14118 -0.29946 0.28235 -0.55437 -0.26626 -0.8518 0.81629 -0.039733 0.51126 0.88012 3.0891 0.22808 -0.31155 -0.13605 0.71669 -0.16892 0.95575 -0.34526 0.0030677 -0.019936 -0.078535 0.32134 0.65555 0.53807 -1.4435 -1.1316 0.63538 -0.044672 -0.25236 0.43151
alongside 0.1018 0.49206 -0.05274 -0.26111 0.26284 0.14695 -1.0691 -0.14007 -0.31063 -0.37567 0.31553 0.26752 -0.66997 0.41545 0.14394 -0.25386 0.59633 0.11002 -0.38787 -0.3303 -0.068497 0.32936 0.26269 0.64057 -0.10495 -0.62423 0.17634 -0.14679 -0.59362 -0.23655 2.26 0.021365 0.015918 -0.3402 0.25645 0.67255 0.049219 0.14584 -0.87719 -0.18445 0.2079 0.41307 -0.29124 -0.91252 0.1729 -0.0917 -0.35846 -1.1159 -0.4265 -0.34506
engineers 0.35949 -0.68643 1.2974 -0.37144 -0.65357 -0.6092 -1.0467 0.4063 -0.012992 -1.0089 0.87308 0.38397 -0.14114 0.44604 -0.64949 0.0089085 0.26642 1.1488 -0.46651 -1.3263 0.7259 0.38739 -0.40325 -0.54524 0.66109 -0.7521 -0.96871 -1.3509 -0.58207 0.12847 2.1464 -0.52745 -0.37754 -1.0154 0.60922 0.4622 0.068364 0.4073 0.76626 0.61091 -0.097666 -0.68184 0.86903 0.16058 0.27397 0.14734 -0.050482 0.63083 -0.75455 -0.32935
fail 0.45682 -0.60629 0.85184 -0.58558 -0.54939 0.21787 0.27852 0.69506 -0.24624 0.26122 0.25349 0.42472 -0.32273 0.18626 0.31701 1.1981 0.72521 -0.49341 0.68367 -0.89897 0.060898 -0.18691 0.3107 0.21246 0.43193 -1.1001 -0.39925 -0.6418 0.32036 -0.22346 2.3266 0.91371 -0.91684 -0.4748 0.24238 -0.13437 0.45967 -0.17704 0.028216 -0.70075 -0.55855 -0.61886 0.52355 0.34227 0.22245 0.4687 -0.041167 0.7928 0.29798 -0.078627
cheap -0.40654 -0.46638 0.30464 -0.45208 -0.42903 -0.20987 -0.6946 -0.70391 0.11087 1.6381 -0.11014 0.40514 0.83878 -0.030197 0.58196 0.50127 0.48377 0.51434 0.45151 -1.0262 0.74934 -0.19412 -0.54044 0.34277 0.035532 -1.1744 -0.49508 0.41083 1.814 0.20901 2.4296 0.29235 0.56028 0.60614 0.25571 0.52498 -0.19468 0.5933 -0.51487 -0.44749 0.39874 0.76888 0.68252 0.53997 0.59363 -0.13536 -0.67702 -0.037774 0.65264 0.23689
exploration 0.91254 0.57636 -0.2302 1.2797 -0.16389 -0.088667 -0.93014 -0.29745 0.96269 0.59283 0.65322 0.67311 0.28602 0.51705 -0.50721 0.22113 1.1382 0.4746 -0.86396 0.013319 1.4261 0.73096 -0.21856 -1.3922 0.47472 -0.027651 -0.19581 -0.42005 0.66117 0.82154 2.2719 -0.84917 -0.63387 -0.17919 -0.074319 -0.36516 -1.4051 0.11557 0.087768 0.039 -0.28614 -0.88915 0.78143 -0.21221 -0.89131 -0.6369 0.091526 0.99958 -0.49998 -0.25722
mechanical -0.18023 -0.47955 0.037471 0.18664 -0.60156 1.1204 0.3642 -0.21932 0.17444 -0.24918 1.1461 0.5632 -0.17186 0.33562 -0.66384 0.20079 -0.57707 1.1586 -0.53926 -1.2401 0.59392 -0.11741 -0.81477 -0.87828 1.0707 -0.90172 -1.1255 -0.57078 0.59956 0.30233 2.2733 -0.53395 0.049022 -0.68186 0.39312 1.028 0.38003 0.62764 1.1325 0.83372 -0.016845 -0.16205 -0.12141 0.97311 0.26718 -0.0032094 1.0645 0.34761 0.042087 -0.4938
brilliant -0.56208 0.24547 -0.70029 -0.32782 0.74555 -0.20874 -0.23207 -0.10571 -0.4412 1.194 -0.29674 0.41166 -0.29197 0.87769 -0.39882 -1.0168 0.63677 0.10756 -1.2246 -0.57737 -0.64959 1.007 0.10765 -0.83468 0.92087 -0.70419 -0.69721 0.30158 0.34874 0.0073717 1.8567 -0.2246 0.21333 -0.30127 0.32791 0.61095 -0.29805 1.2158 -0.59588 -0.7248 0.29546 0.2864 -0.28859 -0.025759 0.26315 0.037832 0.47896 -0.16818 0.14402 0.15869
fantastic 0.3333 0.30612 -0.63572 0.051507 0.78602 -0.48425 -0.21684 -0.1168 -0.10738 0.91883 -0.081054 0.73025 -0.78696 0.25925 0.79365 -0.53968 1.2594 0.62911 -1.185 -0.63767 -0.27612 0.68748 -0.049664 -0.15773 1.2352 -0.021032 -1.2503 0.2495 0.69357 -0.19549 1.6106 0.70615 0.10677 -0.31279 -0.20057 0.72469 0.11066 0.3869 -0.43106 -0.99054 0.16137 -0.41234 -0.35022 -0.16584 -0.33375 0.46223 0.2872 0.14707 0.54889 0.16369
exploitation -0.15692 -0.40889 -0.88806 0.32476 -0.5922 0.40405 0.83536 -0.67206 0.97372 0.94449 0.48566 0.31729 0.31188 -0.31513 0.59024 -0.48169 1.4438 0.48774 0.07189 0.060767 0.5852 0.26852 -0.089587 -0.18173 0.033042 -0.45285 -0.19989 -0.52187 1.131 0.87253 1.8453 -0.50581 -0.12465 -0.81582 -1.0287 0.71401 -1.042 -0.84545 -0.17851 -0.022154 -0.31708 -0.27157 1.1498 0.17379 0.13629 -0.83742 -0.13801 0.0067783 0.32155 -0.46211
irony -0.031625 0.46226 -1.0177 -0.098818 0.54156 0.47365 0.96105 0.42237 -0.42549 1.0727 -0.7885 0.045085 0.1522 -0.38223 0.30538 0.017282 0.2994 0.10675 -0.14101 -0.28934 -0.44186 0.52722 0.13775 -0.29675 0.98335 -1.2422 -1.7145 1.0414 1.2686 0.16719 0.97752 -0.20652 0.25097 -0.36537 -0.18697 -0.04359 -0.57632 0.092018 -0.087965 -0.25982 0.48287 0.58098 -0.42383 0.38723 -0.084994 0.6044 0.25656 0.88967 -0.050445 0.080605
biotech 0.46838 -0.97807 -0.20302 0.91248 -0.46936 -0.3232 -1.3103 -1.2713 0.82152 1.2955 0.20361 -0.11252 0.54717 -0.16982 -0.17853 0.30839 0.33408 0.15997 0.2394 -0.25136 0.11622 -0.77197 -0.1195 -0.18627 -1.0967 -0.53532 0.034049 -0.57234 -0.52733 -0.0025605 0.97949 -0.45705 -0.49087 0.32821 0.019768 -1.0181 -1.6743 0.97548 0.86512 -0.37159 -0.37985 -0.49317 0.42729 1.066 1.6191 0.74885 -0.21031 0.66159 -0.27231 -0.049578
figuring 0.75224 -0.62805 0.42027 -0.60038 0.31604 -0.14389 -0.21595 0.014001 -0.086757 0.33735 -0.61198 0.20746 -0.57074 0.16011 0.72197 0.13678 0.39669 0.25902 0.55602 -0.49937 0.19237 -0.23096 0.17627 0.56672 0.93743 -0.6534 -0.54623 0.020436 0.80614 -0.80001 0.93295 1.0201 -0.034032 -0.30753 0.1995 0.17394 -0.65162 1.2203 0.30969 -0.20034 -0.6157 -0.23503 -0.12165 0.93987 -0.52702 -0.067808 0.80713 0.419 0.046027 0.48898
calculator -0.15069 -0.44494 1.1569 -0.73652 -0.022305 -0.055623 0.33427 -1.4258 0.60695 0.2151 0.28196 0.66291 0.16823 0.55184 0.5305 0.53331 -0.7686 0.45035 0.049772 -0.57785 0.63018 -0.69464 -0.60046 -0.18944 0.55372 -0.21003 -1.0742 -0.70816 -0.005239 0.56647 0.52144 0.011001 -0.22009 0.483 -0.24352 0.77449 0.36996 0.41513 0.98606 -0.57601 0.80976 0.011524 -0.81617 1.898 -0.38106 -0.18957 1.7197 0.59395 0.21789 0.14028
calculators -0.042776 -1.0401 0.97507 -0.57557 -0.61386 -0.2108 0.12649 -1.3817 0.20193 0.25822 0.20609 0.90019 0.19916 0.34239 0.20865 0.65 -0.91963 0.21241 0.025008 -0.71886 0.71337 -0.34969 -0.14195 -0.21897 0.19907 0.36422 -1.372 -1.4116 -0.21923 -0.010353 0.49323 0.30704 0.20508 0.34232 0.18373 1.1611 0.082923 0.25118 0.38685 -0.38418 0.72948 -0.035916 -0.2626 2.4848 0.19096 0.055471 1.4805 0.65042 -0.52942 -0.55967
facit -0.73785 -0.90302 0.048459 -0.51125 -0.30676 -0.88357 0.68768 -0.20686 0.69831 0.65107 0.9101 0.032903 0.752 -0.30371 -0.36453 -0.4484 -0.57009 0.9395 0.67643 0.065905 0.18682 -0.30961 0.35696 0.14149 -0.13755 1.388 0.19976 -0.11888 -0.11616 0.68456 -0.58852 -0.025995 0.50762 1.859 -0.14348 -0.62293 0.43249 -0.041807 -0.2708 0.74995 0.26601 -0.90113 -0.16193 0.81702 -0.39067 -1.3178 -0.22919 0.47034 -0.34288 0.42804
